-1.441940185
0.855620783
-1.351945684
-0.464997356
-0.033037395
-2.024735295
-0.092970822
-2.059668986
-0.388099579
-1.003484158
-0.323192353
0.330555849
-0.930424449
-0.51625193
0.897739483
-0.301988621
-2.132601367
1.744201654
-0.601529564
0.869663381
2.281994966
-2.510205377
-0.249749519
-0.942654879
-0.208126494
-2.047590897
-0.910949893
0.724693336
0.784052645
-0.8283223
-0.443328645
0.097993507
-0.009420091
-0.422076027
-0.529678346
-0.531085789
-1.289149623
-0.24863084
-0.142297267
0.260517936
0.579519792
-0.742757038
0.460127012
-0.935926892
-0.178799837
-3.478489816
-0.711629582
1.251125923
0.825368716
0.26110115
-0.002208935
0.497207111
1.130072178
-1.032897217
1.480962055
-1.108985543
-0.25449026
-0.310621999
0.807431206
-0.194888798
2.259494067
0.127176918
1.518046702
1.473176781
0.24150836
-0.795362212
-0.591747948
0.530336592
0.08535153
-1.326056918
-1.075595719
0.520709591
-0.493880634
1.046246325
-0.828460998
0.420252491
0.037078962
-1.539856385
0.335458026
-0.627990175
1.524849722
-0.641933866
0.046449031
0.951936272
-0.459259581
-1.545477062
-0.964569153
-0.995080427
0.181618134
0.233640094
1.47283572
0.922450454
1.209077709
-0.02166189
-0.629927399
-0.560714852
1.620846888
-0.826912583
-1.862936188
1.953940227
1.134694685
-0.063049583
-1.892412911
-1.483172127
1.403868737
-0.17665343
-0.961319984
1.080679795
-0.347695277
-0.433881269
-1.433645593
0.232234925
0.704544618
-1.140574568
1.206944944
0.228661747
-0.188958893
-1.913613232
0.906636615
-1.315011104
-1.216942564
-0.696159077
1.131395493
0.958630153
0.719694526
1.770536073
1.968601282
-0.696493316
-1.247967703
1.298803909
0.330426246
-0.387132104
-0.926663688
0.50016979
-0.212152145
0.296530516
2.221186151
0.436230039
-0.660311343
0.968602762
0.797010671
0.75852995
-1.253295068
0.156710485
1.76042704
0.547204309
-0.36901838
-0.683457984
2.901942935
0.966413154
0.233796982
1.62429842
-0.216647322
-0.988220563
0.547906893
-0.219763479
0.685463419
0.359053729
-0.774673481
-0.803577223
-0.645877662
-1.942498784
0.312145403
1.594685273
-1.76381036
-0.019084609
0.110122755
-0.285419901
-0.189377261
-0.601178272
0.754273515
0.442835244
-0.078307494
1.988018994
0.34974164
0.210588951
-1.116459316
-0.188583726
0.001267608
2.882006811
0.825134521
-0.017188313
-0.652869403
-1.595117283
-1.018504463
1.770231393
0.119189281
0.784878011
-0.603993158
-1.824619176
1.442440407
-0.314336148
-1.462758519
-0.893355718
-0.527056727
0.224058567
-0.410545908
-0.877178081
0.266106781
1.353441803
0.533478897
0.93016979
0.226225438
0.024990641
-1.730008989
0.744456656
1.758676262
-0.793797881
1.409557626
0.27671831
-0.014157422
0.197684358
-0.267500582
-1.5229989
0.31415766
0.818499757
0.692380127
-0.77746563
-0.377831384
-1.083726602
-0.641798579
-0.658712906
-0.11035354
-1.453231562
-0.677387106
-0.542341922
0.680784069
0.840752818
0.035797711
-0.059025069
1.82781605
-1.191697265
-0.813781753
1.406403953
0.722809546
-1.541779966
0.525083124
1.207201876
-0.181836413
1.857697498
0.832048954
-0.300713054
-0.882857876
0.658060344
-2.117703843
-0.26433554
0.116955334
1.304740636
0.478836455
0.06851451
0.088080014
-0.462537173
-0.530321813
0.126034365
-0.430474074
1.189991963
-0.969478151
0.088873549
0.294611482
0.431791705
-0.956338226
1.744483598
0.498438339
-0.968170752
-2.069618859
-0.166160135
-0.016427748
-0.373366902
-1.789794624
0.116326646
0.575373633
0.527602424
0.239733708
0.39783572
-0.59893523
-0.422751327
-0.98719056
1.60624495
0.186023499
0.342729436
-0.515490228
-0.542870566
0.519571586
0.381691052
1.562161742
-0.567190455
1.347266334
-1.560788405
-0.167166263
1.005614649
-0.668005669
-0.108470886
0.322984306
-1.694320417
-1.865719241
0.499971975
-0.695180233
-2.058286555
-0.089667083
-1.392731974
0.427025952
-1.956377673
0.535969775
-0.52254336
1.699800123
0.458412615
0.954516963
-0.509311349
0.307578603
0.69756652
0.091288257
0.640930011
-2.565284376
0.328360557
-0.733284651
-1.57157956
-0.799891495
-0.894303867
-1.753346623
-0.161393245
-1.821954356
-0.461698164
-0.371478563
1.031571628
1.023183813
0.449101663
0.007571543
-0.616823854
0.31519221
-0.262127742
1.01604428
-0.81755843
0.713826012
0.05337597
-0.769484814
-1.838925527
-2.256820153
1.024354788
-0.470915893
1.366315701
1.573444024
-0.209321342
-0.927664132
-0.453036364
0.433926743
-0.81413873
-0.820091373
0.310259338
1.254156814
-1.509047252
-0.608224582
-0.189668299
-0.383593033
-0.82477186
-0.701155614
0.305410595
1.209386937
-0.044827857
-1.91752406
0.337284973
1.009468633
0.866998562
0.617387741
-0.015676278
-0.271895715
0.371231863
0.271493263
0.666673259
-0.262131152
0.938284757
0.691528612
0.609323934
0.526154054
-1.053019787
0.285381248
-0.441850716
0.047209596
1.468297341
0.010650183
1.344355951
-0.94535153
0.966108473
-0.488942078
-0.821542017
0.453783287
1.035348305
0.50146582
-1.432349563
0.526074473
0.449621211
0.387169621
-1.579810487
-0.639004156
0.04317485
1.29366299
0.659074431
-0.011546035
-1.371131475
-0.242033593
-0.345916078
0.156167062
-0.359531214
0.767161055
-0.338491191
0.04213689
1.632906788
0.625336725
-0.161933258
-0.105071649
-0.562863534
0.352295046
0.464021923
0.369622057
0.070616579
0.239683686
-0.442523742
-0.1657952
1.343473741
0.755203473
-0.354236818
-1.337102731
0.31892796
-0.807294782
-0.698528311
-0.231300419
-0.396865971
0.640920916
1.726366463
0.661414106
-1.233306648
-0.162955303
0.522879873
-2.164397301
0.671834641
-1.585663085
-1.68441602
1.926491677
1.045423232
-2.151282388
-0.458481964
0.687311967
-0.165284746
-0.552196298
1.11682084
1.157529823
1.100388545
-0.58532919
1.251307822
-0.375126774
-1.812559276
-0.239843985
0.319932951
0.296466851
0.189156708
-0.577529136
-1.57111117
-1.163386969
-1.237167453
-0.351764129
0.424470272
-0.306199581
-1.528023859
-1.268053893
1.081405117
-1.425009941
-0.169761734
0.476658215
-0.013400268
0.39443762
-0.824593371
-1.336688911
0.706287437
-0.702025318
-1.563357728
-0.393782784
1.068249276
0.183773636
0.854433893
0.152720077
0.055043756
-0.298314262
0.173126864
0.111771215
-0.326390364
-0.556276518
-0.225422809
0.639076916
1.184905614
-0.483661324
0.412429699
-0.219231424
-0.704552576
0.945824468
-0.866923529
0.283750978
0.965596882
-0.964716946
0.099092858
0.972777343
-0.613756583
0.387872205
-0.180250481
-0.176623871
-0.361881121
-2.144552127
0.915358669
0.556306077
0.711021357
1.508246896
-2.208917067
-0.228340014
0.46204832
0.688060027
-0.254286761
0.524389634
0.9866244
0.576058028
0.206646291
-0.629008809
-0.435329639
-0.719965101
0.344448381
-0.957682005
-0.66175744
-1.774751581
-1.021894604
-0.128131887
0.571717464
1.301700649
1.885982783
0.509332949
0.010873009
-0.252264272
0.982724941
0.299559133
-0.227018973
-0.496559096
1.807729859
-0.49603841
-1.568810148
0.30320507
0.755233032
0.031291165
-0.61073365
-0.122311121
-0.143513716
0.069056796
-0.991944944
-0.219889671
1.474445526
-0.070593842
0.149836978
-0.221666596
-0.517662784
0.106253992
0.25355348
0.107845608
-0.820955393
-0.05686843
-0.248930974
-0.026952875
0.844870556
1.128173608
-0.205159267
-0.017519142
-1.793309821
0.884474503
0.228143335
-1.756789061
-0.023376288
0.766087851
-2.340275387
1.482399057
-0.397149051
2.089327609
0.771692612
1.878324838
1.823746061
1.778089427
-0.067941528
-0.524853476
-0.106940661
0.919726517
1.489293027
0.463343213
0.141452574
0.806008984
0.084287421
2.087936082
0.58683554
0.293744051
-1.27201929
2.34998879
-0.716559043
-0.556744908
0.583195288
-1.674152372
0.746117621
-0.256045496
-0.571692453
-0.690386059
-0.520120693
-1.088344561
-1.349021659
-0.862976322
0.910179097
0.910142717
0.394718427
1.581070137
-0.996267318
0.59619083
-0.612110398
0.818563421
-1.571866051
0.398138127
-1.071466613
-0.666675533
0.231792683
1.114030965
0.980714958
-0.536065272
-1.042740223
-0.214561169
0.918232672
-0.322264668
0.091781658
-1.856824383
-0.697850737
1.81008545
-0.306160928
-0.49917162
-0.012267947
-0.693362381
0.255720352
0.261052264
-0.89817604
0.41416115
-1.472399163
-0.964396349
1.197022357
-0.558700322
-0.029446028
-1.343132681
-1.034056822
-0.314737463
0.013964154
-1.131411409
-1.203575266
-0.417278443
0.701359113
-0.141770897
-1.28919055
-0.579386779
0.063566858
-0.162349352
0.55279088
0.141632199
2.132383088
1.214948497
-0.327333964
-0.560517037
-1.41885721
-0.143299985
1.676812644
0.279975438
0.002232809
-0.069110229
-0.042884949
-1.741800588
-0.681571919
-2.179949661
1.241462542
2.724118531
0.89791456
-0.954810275
-0.129111868
-0.857264695
-0.599154646
-1.243035967
-1.141756911
0.678007837
-2.021479304
-0.565646587
0.603257604
1.05639856
-0.303783736
0.060950924
1.42992576
-0.09168275
0.31400873
0.992311016
-1.350035745
-0.092127266
0.395050392
-2.34138497
-0.127067779
0.836598701
1.406865522
1.385083124
0.817653927
0.500270971
-2.234064596
-1.227285793
-0.301706677
0.930422175
0.498247346
-1.829430403
1.015955604
1.048799732
-1.296502887
-1.939943104
-0.747977538
-0.964416813
0.847949195
-0.520255981
-0.410022949
-0.218749392
-0.277584604
1.399353096
-1.335965862
0.669615474
-0.920319962
-0.103458433
-1.700282155
0.156226179
0.681852725
-0.059558261
-0.258087312
-1.761518433
0.647964953
-0.453612756
-0.909415121
0.172599357
-1.557255018
-0.095641326
-0.854424798
-0.057345915
-0.840971097
-0.106001607
-1.357170731
-0.46892751
1.069968221
-1.421271918
0.106359721
-0.521768015
-0.028094291
-1.031182819
0.465850007
0.364567541
1.021394382
0.131224169
1.028074621
-1.613907443
-0.32535354
1.177472768
0.022727136
1.150574462
1.297848939
1.1415068
-0.328939223
-1.312473614
-0.559057298
-0.124846338
0.17725597
0.892332537
-1.324440291
0.375403033
0.494534333
-1.949338184
0.576962975
0.611166797
1.710113793
1.003550096
1.246951342
1.824641913
-1.28190095
0.451714186
-0.429247393
-0.300378815
-0.428881322
0.305901722
-1.788976078
0.392412858
0.348152298
0.146526418
-0.100232
0.165616711
1.324124241
-0.077538971
-1.172882094
1.455441634
1.238158802
0.585126827
1.782036634
1.242669896
0.651750725
1.167329629
-0.522088612
0.30528895
-1.219859769
1.467251423
-1.18186108
0.934887794
-1.482235348
-2.117885742
-0.616846592
0.011056045
0.329688419
0.424722657
1.406037882
1.066348432
-0.346922207
-0.793280606
-0.110986775
1.060266186
-0.867846666
-0.348620688
-0.027191618
-0.843938324
0.008928964
-0.337124675
-0.975667263
0.467885002
1.173621058
0.171663714
1.171374606
2.381129889
1.783337211
0.463523975
0.364260586
1.41224973
-0.573209036
0.265539484
-0.702868874
0.359915475
0.348512685
0.945537977
1.906782927
0.832897058
-0.252375685
-1.239893663
1.154760412
-0.389541128
-0.868533334
-0.819673005
0.30765932
-0.591912794
0.76222932
0.490797447
0.964348601
1.316589078
-0.410760777
1.115049599
0.01993385
-1.052767402
0.208945039
-0.36558049
0.84431349
-0.667907898
2.011274773
0.689965418
-0.076709057
0.422234052
0.440695658
-0.122374786
-2.167307684
1.189107479
-0.706079391
1.014664122
0.456594762
1.03207185
0.909903974
0.237007498
1.200489805
0.306690708
-1.435923878
-1.138071184
0.396752284
0.146739012
1.116825388
1.27293788
0.670336249
-1.735465958
0.302225089
-0.011893917
0.668778739
0.509178335
0.23546022
0.834697857
1.486591827
0.494809456
0.404062348
0.83056193
-0.454353994
0.514719432
-0.910299605
0.390169816
0.555000952
-0.621305389
0.917705165
-1.668208824
0.351692506
1.203025022
1.185435394
-1.441890163
1.464882189
0.512744691
0.202194315
-1.858866199
0.866659775
-0.957941211
-1.001951659
0.229404122
-0.601419288
-0.194353333
0.041602561
-0.352092684
0.240453346
-0.408030019
0.537116875
1.778726073
-0.40638497
1.078797141
-0.471670774
-0.293564426
-1.619309842
0.176532922
-1.786738721
0.491058927
-0.300587999
2.576853149
-0.79056008
0.80313157
0.195509529
-1.354489996
-0.030245246
0.636656523
0.352999905
-1.159710337
0.42782176
1.284349764
0.096348458
0.060197181
1.185526344
-0.326895133
-1.432304089
0.870716121
0.911093139
1.114015049
0.779089078
0.49117034
-1.686948963
1.134626473
-0.71759473
1.367989171
-0.376369371
-0.608574737
-0.072988087
0.118632215
-1.481412255
1.081298251
0.470081432
-1.483294909
0.392215043
-0.216175522
-0.685727173
1.728767529
-0.350778464
1.155096925
0.005497895
-0.353808218
0.796721906
-0.346117304
-0.552430492
0.053486247
1.733460522
-0.278641892
-1.265402716
0.964691935
-0.357531462
-0.385034582
-0.750148956
-0.959248609
0.300535703
0.449748541
-0.193848564
0.981249286
0.016821105
-0.567345069
-1.904209057
-2.125634637
0.838106189
-1.842208803
1.746443559
0.134590437
-0.782033567
0.691970854
-1.5703381
0.344608679
-0.914662905